structure(c(4.60039406787483e-07, -5.7955452184906e-07, 5.30242977914419e-07, 
8.75811327111171e-07, 0, 0, 0, 0, 0, 0, 0, 0, 8.97728500447388e-12, 
7.87686614832289e-12, 8.2593715363205e-12, 1.539593878498e-11, 
4.06038985763629e-13, 3.56269608700675e-13, 3.73567673790227e-13, 
6.96351639384847e-13, -3.10475268568072e-11, 2.90836756116053e-11, 
2.90836756116054e-11, -2.90836743489084e-11, 2.90836755753258e-11, 
2.90836756116015e-11, 5.39608336218426e-06, -4.71727088547196e-05, 
-4.71727088547196e-05, 4.71727068067589e-05, -4.7172708788348e-05, 
-4.71727088547196e-05, -4.8958403368332e-06, 4.27992790912527e-05, 
4.27992790912527e-05, -4.2799277233163e-05, 4.27992790310338e-05, 
4.27992790912527e-05, -5.79554521864887e-07, 1.3312566264036e-06, 
-7.1086884820245e-07, -1.11179624934644e-06, 0, 0, 0, 0, 0, 0, 
0, 0, 7.8768661472133e-12, 6.91143955301649e-12, 7.24693465245546e-12, 
1.35087099862914e-11, 3.5626960870578e-13, 3.1260060894019e-13, 
3.27778399576532e-13, 6.10997797933761e-13, 3.3622387003685e-11, 
-3.26779699115924e-11, -3.26779699116028e-11, 3.26779710213008e-11, 
-3.26779699500166e-11, -3.26779699115927e-11, 3.65751836103027e-06, 
5.30018671709416e-05, 5.30018671709416e-05, -5.30018689678644e-05, 
5.30018672291813e-05, 5.30018671709416e-05, -3.31838303552839e-06, 
-4.80880102176476e-05, -4.80880102176476e-05, 4.8088011847973e-05, 
-4.80880102704829e-05, -4.80880102176476e-05, 5.30242977914966e-07, 
-7.10868848195415e-07, 6.21004090282613e-07, 1.02350610449282e-06, 
0, 0, 0, 0, 0, 0, 0, 0, 8.25937153643815e-12, 7.24693465358114e-12, 
7.59887287505939e-12, 1.41647297000945e-11, 3.73567673801736e-13, 
3.27778399716296e-13, 3.43693122610649e-13, 6.40663756924873e-13, 
-2.93491929834271e-11, 3.37205659249225e-11, 3.37205659249191e-11, 
-3.37205647633174e-11, 3.3720565886907e-11, 3.37205659249225e-11, 
-1.50417191272772e-07, -5.46936795964251e-05, -5.46936795964251e-05, 
5.4693677712242e-05, -5.46936795353607e-05, -5.46936795964251e-05, 
1.36436745011243e-07, 4.96229729950816e-05, 4.96229729950816e-05, 
-4.9622971285583e-05, 4.96229729396783e-05, 4.96229729950816e-05, 
8.75811327112732e-07, -1.11179624933234e-06, 1.02350610449454e-06, 
1.69408230987845e-06, 0, 0, 0, 0, 0, 0, 0, 0, 1.5395938785493e-11, 
1.35087099886424e-11, 1.41647297003748e-11, 2.64038601319593e-11, 
6.9635163942806e-13, 6.10997797740508e-13, 6.40663756965306e-13, 
1.19423410727989e-12, -4.70596031845775e-11, 5.62659295026355e-11, 
5.62659295026355e-11, -5.62659273375747e-11, 5.6265929433422e-11, 
5.62659295026283e-11, -1.01225851246519e-06, -9.12615898088845e-05, 
-9.12615898088845e-05, 9.12615862966605e-05, -9.12615896950574e-05, 
-9.12615898088845e-05, 9.18354222285323e-07, 8.28006351003959e-05, 
8.28006351003959e-05, -8.28006319137932e-05, 8.28006349971207e-05, 
8.28006351003959e-05, 0, 0, 0, 0, -2.67793198353191e-16, -3.47935666643347e-16, 
-1.2179902658257e-16, 2.71483093498357e-16, 1.23880492050712e-24, 
-1.01112756156728e-23, 7.38351144685041e-24, -6.16858035906571e-24, 
-1.33790125310409e-18, -2.96600826123885e-19, -1.47456417153858e-18, 
1.5621551761653e-18, -4.79976613947598e-19, -5.90335425668638e-19, 
-2.42716276607052e-19, 4.98277474915725e-19, 7.89264955684711e-12, 
6.93548060267317e-12, -7.89262163253837e-12, -6.93548280259412e-12, 
6.93548305087434e-12, -7.89264955684711e-12, 1.93123200676631e-11, 
1.70059921275049e-11, -1.93122683971148e-11, -1.70060398678807e-11, 
1.70060574592635e-11, -1.93123200676515e-11, 2.21151323572933e-12, 
1.94395427955745e-12, -2.21149892937287e-12, -1.94390507912384e-12, 
1.94390508015927e-12, -2.21151323346725e-12, 0, 0, 0, 0, -3.4748928033351e-16, 
-4.55289663545393e-16, -1.55676116659949e-16, 3.51122396727489e-16, 
8.08959348477625e-24, -6.51841681244029e-23, 4.77372959658058e-23, 
-3.98469657423804e-23, -3.92286542033086e-19, -1.77959376328541e-18, 
6.04213303591255e-19, 4.64010837726239e-20, -5.98535076412262e-19, 
-8.28512086704925e-19, -2.42970268706414e-19, 5.93943991530457e-19, 
-8.6182680469451e-12, -9.85220352009706e-12, 8.61802879691405e-12, 
9.85220396858966e-12, -9.85220545273072e-12, 8.61826804694714e-12, 
-2.11468271658896e-11, -2.41924724038333e-11, 2.11462459942458e-11, 
2.41923641274328e-11, -2.41923893795364e-11, 2.1146827169628e-11, 
-2.42082063558664e-12, -2.76047744820868e-12, 2.42075817693229e-12, 
2.76057528484836e-12, -2.76057528330514e-12, 2.42082063505976e-12, 
0, 0, 0, 0, -1.21092672080629e-16, -1.5496803790161e-16, -5.65481227078718e-17, 
1.2347225001978e-16, -6.35318014858721e-24, 5.11007538816373e-23, 
-3.74335567576981e-23, 3.12493527118595e-23, -1.42211281405008e-18, 
5.80874648095256e-19, -2.12709725591578e-18, 1.9425402376097e-18, 
-2.46928123739281e-19, -2.45842652552579e-19, -1.58578730816881e-19, 
2.67895075636223e-19, 1.51888106595269e-11, 1.47650868517411e-11, 
-1.51886317691917e-11, -1.47650899581709e-11, 1.47650911615171e-11, 
-1.51888106595269e-11, 3.72507854415247e-11, 3.61904888617761e-11, 
-3.72503050030814e-11, -3.61905070385034e-11, 3.61905186848075e-11, 
-3.72507854415247e-11, 4.26241086800982e-12, 4.14463231911293e-12, 
-4.2623489125654e-12, -4.14462124275301e-12, 4.14462124205413e-12, 
-4.26241086775847e-12, 0, 0, 0, 0, 2.74085249529835e-16, 3.54990842617993e-16, 
1.25348566679613e-16, -2.78143720948e-16, 3.55593127173011e-24, 
-2.85558379832679e-23, 2.09283362414546e-23, -1.74742013678737e-23, 
1.52294806030424e-18, 3.15811866385829e-20, 1.88216395832476e-18, 
-1.97366393197191e-18, 5.12653933364094e-19, 6.04388587595086e-19, 
2.69853423274593e-19, -5.34899498473244e-19, -1.29620935706924e-11, 
-1.19911793850059e-11, 1.29619413542475e-11, 1.19911827358027e-11, 
-1.1991183371533e-11, 1.29620935706924e-11, -3.1779014035352e-11, 
-2.93752093322845e-11, 3.17786480349015e-11, 2.93752676833564e-11, 
-2.93752776598976e-11, 3.1779014035346e-11, -3.64486514367114e-12, 
-3.36846364842117e-12, 3.64481843324508e-12, 3.36841199491627e-12, 
-3.36841196462873e-12, 3.64486514231145e-12, 0, 0, 0, 0, -2.63506738049956e-24, 
9.50095916357665e-24, -7.60699432785931e-24, 6.41496131228995e-24, 
-2.09769802719756e-15, 6.84051384379184e-16, -2.35945793985805e-15, 
1.5432466061845e-15, 3.83761738020532e-17, -1.18037882668922e-17, 
3.14326862645422e-17, -2.51766135516496e-17, 0, 0, 0, 0, 4.02050657336387e-09, 
4.02050657336383e-09, -4.1742604865867e-09, -4.02050657176685e-09, 
4.02050657336406e-09, -4.02050657336387e-09, -3.19205156912774e-09, 
-3.19205156913189e-09, 3.1598969872051e-09, 3.19205155417448e-09, 
-3.19205156912805e-09, 3.19205156912996e-09, 7.93313503919664e-09, 
7.93313503919887e-09, -8.07667789879653e-09, -7.9331350420258e-09, 
7.93313503919503e-09, -7.93313503919695e-09, 0, 0, 0, 0, 9.42419218590162e-24, 
-6.81366350584354e-23, 5.03425237156635e-23, -4.20212341006223e-23, 
6.84052133722082e-16, -8.35872121491012e-15, 6.57579075979e-15, 
-4.35515986136923e-15, -1.17942784541145e-17, 5.90398547306831e-18, 
-1.00003711217068e-17, 8.58020117804681e-18, 0, 0, 0, 0, -5.46415860403044e-09, 
-5.46415860403048e-09, 8.66016912890682e-09, 5.46415860349012e-09, 
-5.46415860403044e-09, 5.46415860403044e-09, 4.33811043631887e-09, 
4.33811043632026e-09, -6.66595401651719e-09, -4.33811043622319e-09, 
4.33811043632091e-09, -4.33811043631887e-09, -1.07818593554937e-08, 
-1.07818593554924e-08, 1.6870544032985e-08, 1.07818593553953e-08, 
-1.07818593554965e-08, 1.0781859355492e-08, 0, 0, 0, 0, -7.47392961143974e-24, 
4.97772214085914e-23, -3.70430039824486e-23, 3.09438173253965e-23, 
-2.35944769299787e-15, 6.57577911305291e-15, -6.64394075917047e-15, 
4.44125364977591e-15, 3.15306858325033e-17, -1.00141688065954e-17, 
2.61222535813003e-17, -2.08795206105288e-17, 0, 0, 0, 0, 6.08161605801129e-09, 
6.08161605801129e-09, -8.66101290303854e-09, -6.08161605677951e-09, 
6.08161605801141e-09, -6.08161605801129e-09, -4.82839929026324e-09, 
-4.82839929026849e-09, 6.64301409702971e-09, 4.82839928996992e-09, 
-4.82839929026324e-09, 4.82839929026324e-09, 1.20004089355437e-08, 
1.20004089355552e-08, -1.6847882406507e-08, -1.2000408935557e-08, 
1.20004089355447e-08, -1.20004089355426e-08, 0, 0, 0, 0, 6.34865747034908e-24, 
-4.18669191596341e-23, 3.11807807122703e-23, -2.60561281945132e-23, 
1.54324665207686e-15, -4.35515777473642e-15, 4.44126257818483e-15, 
-2.95037259280939e-15, -2.51763239791488e-17, 8.58721140188314e-18, 
-2.0808625335719e-17, 1.68679581206968e-17, 0, 0, 0, 0, -4.51307840508923e-09, 
-4.51307840508923e-09, 6.19998237704936e-09, 4.51307840401158e-09, 
-4.5130784050892e-09, 4.5130784050892e-09, 3.5830407421268e-09, 
3.58304074212758e-09, -4.74921770189329e-09, -3.58304073302583e-09, 
3.5830407421268e-09, -3.58304074212796e-09, -8.90514111657939e-09, 
-8.9051411165792e-09, 1.20541649686939e-08, 8.90514111829951e-09, 
-8.90514111657958e-09, 8.9051411165792e-09, 8.97724671895467e-12, 
7.87687996881691e-12, 8.25932831141626e-12, 1.53958627754839e-11, 
-1.30477944176133e-18, -3.56200811776473e-19, -1.39536774809163e-18, 
1.54323024647508e-18, 3.83411054288291e-17, -1.17534761449643e-17, 
3.13796810717841e-17, -2.51355098155784e-17, -2.01508277180999e-12, 
-2.73361490274538e-11, 1.66594354617234e-11, 4.94032166876684e-11, 
3.76038944163646e-08, 1.03308260206064e-08, -2.65824352783767e-08, 
-6.31662549682518e-08, 2.14708824101713e-07, 2.06284600241871e-08, 
-2.40884509543124e-07, -2.06285643565212e-08, 2.59397568772511e-08, 
-2.40950431979731e-07, -1.69005202178355e-07, -1.62376522254554e-08, 
1.89608800018143e-07, 1.62269554826921e-08, -2.04183521059118e-08, 
1.89660700800554e-07, 4.2076176244073e-07, 4.04248584030964e-08, 
-4.72058403786543e-07, -4.04152752151452e-08, 5.08333064060182e-08, 
-4.72187538089438e-07, 7.87693839565206e-12, 6.91138272918303e-12, 
7.24702225123579e-12, 1.35088607600085e-11, -3.56193073722274e-19, 
-1.72916604500355e-18, 6.18454372202848e-19, 1.15547809779106e-20, 
-1.17889054054709e-17, 5.8952806496768e-18, -9.99315753880052e-18, 
8.57552231681707e-18, -2.73361197764205e-11, -4.02037822978387e-11, 
-5.35385597543151e-12, 7.19599016854828e-11, 1.03308824390624e-08, 
2.83885704747649e-09, -7.30193009399508e-09, -1.73531963946293e-08, 
1.28412536624005e-07, -1.07739940537095e-07, -1.34260206365089e-07, 
1.07738849566401e-07, -1.06280833221586e-07, -1.34228839525501e-07, 
-1.01078113495409e-07, 8.48060396129854e-08, 1.05681177959714e-07, 
-8.4817581969155e-08, 8.36575099455346e-08, 1.05656473297717e-07, 
2.51648457831658e-07, -2.11136436232406e-07, -2.63108033911885e-07, 
2.11145551980537e-07, -2.08277027858886e-07, -2.63046576591757e-07, 
8.25934993575586e-12, 7.24703040146669e-12, 7.59883278846449e-12, 
1.41646673934599e-11, -1.39525245608742e-18, 6.18308596176919e-19, 
-2.1058284453536e-18, 1.909953414141e-18, 3.1448123707251e-17, 
-1.00222932001833e-17, 2.60510286303191e-17, -2.0822139470391e-17, 
1.66595265454478e-11, -5.35384542476855e-12, 2.39345207161497e-11, 
1.30274653170019e-11, -2.6582508511025e-08, -7.30191037013795e-09, 
1.87931483842113e-08, 4.46541335385717e-08, 1.78852046401774e-07, 
1.18864527914104e-07, -1.57230476037259e-07, -1.18863820927047e-07, 
1.151098266393e-07, -1.57282630804159e-07, -1.40781000364625e-07, 
-9.35626797742642e-08, 1.23761956875662e-07, 9.35575804660915e-08, 
-9.06072086395979e-08, 1.23803058014493e-07, 3.504940141042e-07, 
2.32937203222308e-07, -3.08122625448192e-07, -2.32931702092609e-07, 
2.25579153755455e-07, -3.08224802859736e-07, 1.53958546038774e-11, 
1.35088312461041e-11, 1.41646181117076e-11, 2.6403672747854e-11, 
1.54316535159318e-18, 1.16406014476736e-20, 1.91001733725668e-18, 
-1.98333736234812e-18, -2.51784484830456e-17, 8.5898159563403e-18, 
-2.08103737220281e-17, 1.68698535466574e-17, 4.94034019769528e-11, 
7.19599684933966e-11, 1.30274691662766e-11, -7.85400410652646e-11, 
-6.31663596915384e-08, -1.73531304634299e-08, 4.46540845457614e-08, 
1.06109078378947e-07, -3.18862133197969e-07, 1.64079455278492e-07, 
3.67105228270588e-07, -1.64077207147392e-07, 1.55157436191327e-07, 
3.67151476690915e-07, 2.5098813127831e-07, -1.29152789785417e-07, 
-2.88961720955968e-07, 1.29169388089052e-07, -1.22129923223342e-07, 
-2.88998173439588e-07, -6.24870150207443e-07, 3.21544327377581e-07, 
7.19411195808787e-07, -3.21556600508407e-07, 3.04059938065497e-07, 
7.195019040471e-07, 4.06050415341721e-13, 3.56279750831527e-13, 
3.73578242381005e-13, 6.96371456246811e-13, -4.93630566207705e-19, 
-6.04592742945875e-19, -2.46905201410845e-19, 5.08527455499977e-19, 
2.59009767884353e-20, 7.11614189148213e-21, -1.8307740772016e-20, 
-4.35049732843328e-20, 3.76039490873302e-08, 1.03308410783743e-08, 
-2.65824739040573e-08, -6.31663467545303e-08, 0.0186481530790698, 
0.00512285267846916, -0.0131829525444901, -0.0313248223684612, 
-9.80773718695684e-09, -9.80784556145396e-09, -9.80784556117883e-09, 
9.80783692439337e-09, -6.44282879406502e-09, -9.80784556121933e-09, 
0.00954117325794473, 0.00954127561561103, 0.00954127594748862, 
-0.00954126721327242, 0.00583543400896251, 0.00954127594752882, 
-0.0086566138181644, -0.00865670668626039, -0.0086567069873206, 
0.00865669906290021, -0.00529443021864722, -0.00865670698735707, 
3.56285177546408e-13, 3.12614276962901e-13, 3.27792794362473e-13, 
6.11024600714235e-13, -6.04609766942023e-19, -8.3291490851059e-19, 
-2.45764012276644e-19, 6.00072609446041e-19, 7.1161365928423e-21, 
1.95678071882439e-21, -5.02754171824827e-21, -1.19486599556385e-20, 
1.0330841077687e-08, 2.83884567992714e-09, -7.30190085802797e-09, 
-1.73531269233393e-08, 0.00512285267833867, 0.00140731138237644, 
-0.0036214970893766, -0.00860526308857918, -2.69818744217446e-09, 
-2.69829076262426e-09, -2.69829076259474e-09, 2.69828838983675e-09, 
-1.77391230572687e-09, -2.69829076262426e-09, 0.00262485199816879, 
0.00262495408754867, 0.00262495410691983, -0.00262495177924891, 
0.00160691996971631, 0.00262495410693087, -0.00238150272132628, 
-0.00238159534602949, -0.00238159536361321, 0.00238159325173156, 
-0.00145794222734226, -0.00238159536362322, 3.73591931283947e-13, 
3.27799298625107e-13, 3.437153098868e-13, 6.40705221140362e-13, 
-2.46616381326579e-19, -2.46058318146618e-19, -1.57714682175563e-19, 
2.67952787749745e-19, -1.83078400722772e-20, -5.02748291162674e-21, 
1.2947851474218e-20, 3.07594707984602e-20, -2.65824739081811e-08, 
-7.30190086326277e-09, 1.87931239134361e-08, 4.46540754070348e-08, 
-0.0131829525456045, -0.00362149708977525, 0.00931943934952979, 
0.0221444882394676, 6.93446328285021e-09, 6.93455660608343e-09, 
6.93455660607863e-09, -6.93455049995674e-09, 4.55570234871835e-09, 
6.93455660607762e-09, -0.00674588138522076, -0.00674592891222767, 
-0.00674592853058984, 0.00674592297237409, -0.00412615455549981, 
-0.00674592853061816, 0.00612047265558975, 0.00612051577554315, 
0.00612051542873393, -0.00612051038637187, 0.00374361827005299, 
0.00612051542875974, 6.96308259421874e-13, 6.10959675369829e-13, 
6.40623900009528e-13, 1.1941597833362e-12, 5.08488419445126e-19, 
6.0008229524351e-19, 2.68357856113844e-19, -5.30138195006095e-19, 
-4.35050234424886e-20, -1.19486874464239e-20, 3.07591991250652e-20, 
7.30855461879503e-20, -6.31663467538212e-08, -1.73531269239413e-08, 
4.46540754007396e-08, 1.06109056638063e-07, -0.0313248223683314, 
-0.0086052630887627, 0.0221444882375037, 0.0526188724804401, 
1.64732940253918e-08, 1.64736863163358e-08, 1.64736863163032e-08, 
-1.64736718075034e-08, 1.08213975559693e-08, 1.64736863163354e-08, 
-0.0160255715044129, -0.0160259645546145, -0.0160259648347919, 
0.0160259504400685, -0.00980095846511197, -0.0160259648348595, 
0.0145398453605791, 0.0145402019712586, 0.0145402022254395, -0.0145401891652681, 
0.00889231042428971, 0.0145402022255008, -3.10474673658553e-11, 
3.36219772865575e-11, -2.93491752958345e-11, -4.70596506179145e-11, 
7.89742230046042e-12, -8.60698948971434e-12, 1.52010412616127e-11, 
-1.29616579943079e-11, 4.02051682931608e-09, -5.46418609136419e-09, 
6.08167765958788e-09, -4.51307690025528e-09, 2.14708671536879e-07, 
1.28412449233677e-07, 1.78851963260699e-07, -3.18862093622163e-07, 
-9.80772774690506e-09, -2.69818323985901e-09, 6.93434300538601e-09, 
1.64732824835849e-08, 0.666503464948672, 0.319999086281996, 0.0482041725680767, 
-0.319999125797732, 0.316542916008915, -0.106667580378118, 0, 
0, 0, 0, 0, 0, 0, 0, 0, 0, 0, 0, 2.9083614233783e-11, -3.26774932269894e-11, 
3.37205539609113e-11, 5.62659396294992e-11, 6.93670542745104e-12, 
-9.86006411781922e-12, 1.47671403156997e-11, -1.1989387754912e-11, 
4.02051682933666e-09, -5.4641860913921e-09, 6.08167765961897e-09, 
-4.51307690027834e-09, 2.06284063703634e-08, -1.0773998186031e-07, 
1.18864459783743e-07, 1.64079384379501e-07, -9.80783296414545e-09, 
-2.69828818134803e-09, 6.9343918580484e-09, 1.64736865147098e-08, 
0.319999086283544, 0.666666666655947, 0.394871752954654, -0.666666541385599, 
0.663210428081063, 0.240000000007667, 0, 0, 0, 0, 0, 0, 0, 0, 
0, 0, 0, 0, 2.90836130442433e-11, -3.26774964437308e-11, 3.37205571656656e-11, 
5.6265944982925e-11, -7.89731607924392e-12, 8.60669691243558e-12, 
-1.52007971302089e-11, 1.29614494578507e-11, -4.17427257554453e-09, 
8.66015805618287e-09, -8.66104167827392e-09, 6.19997650764578e-09, 
-2.40884343809251e-07, -1.34260228267837e-07, -1.57230427158296e-07, 
3.67105150173969e-07, -9.80783330537055e-09, -2.69828820141713e-09, 
6.93439146589248e-09, 1.64736868030236e-08, 0.0482041725685463, 
0.394871752953865, 0.645113702657647, -0.394871696945352, 0.391415514414287, 
0.511794913721169, 0, 0, 0, 0, 0, 0, 0, 0, 0, 0, 0, 0, -2.9083614728493e-11, 
3.26774969616459e-11, -3.37205546266355e-11, -5.62659426644149e-11, 
-6.93670763072353e-12, 9.86006460022121e-12, -1.47671434180095e-11, 
1.19893911076247e-11, -4.02051682772309e-09, 5.46418609079518e-09, 
-6.08167765825385e-09, 4.51307689917667e-09, -2.06285107027786e-08, 
1.07738890888283e-07, -1.18863752795443e-07, -1.64077136245544e-07, 
9.80782432693151e-09, 2.69828580865994e-09, -6.93438575215477e-09, 
-1.64736720056791e-08, -0.319999125795139, -0.666666541377345, 
-0.394871696941285, 0.66666641610766, -0.663210305846824, -0.239999944011976, 
0, 0, 0, 0, 0, 0, 0, 0, 0, 0, 0, 0, 2.90836143997127e-11, -3.2677489942979e-11, 
3.37205501099808e-11, 5.62659370767135e-11, 6.93670788668616e-12, 
-9.86006605634033e-12, 1.47671446186397e-11, -1.19893917435896e-11, 
4.02051682933617e-09, -5.46418609138878e-09, 6.08167765961354e-09, 
-4.51307690028128e-09, 2.59396911132618e-08, -1.062808707993e-07, 
1.15109758228616e-07, 1.55157355123539e-07, -6.44281699354291e-09, 
-1.77390852757931e-09, 4.5555477731529e-09, 1.08213983297505e-08, 
0.316542916009935, 0.66321042807934, 0.391415514414227, -0.663210305853308, 
0.661096851941964, 0.236543761466897, 0, 0, 0, 0, 0, 0, 0, 0, 
0, 0, 0, 0, 2.90836180817196e-11, -3.26774982280739e-11, 3.37205572415357e-11, 
5.62659449316361e-11, -7.897422300464e-12, 8.60698948971823e-12, 
-1.52010412616196e-11, 1.29616579943138e-11, -4.02051682933171e-09, 
5.4641860913692e-09, -6.08167765956746e-09, 4.51307690029913e-09, 
-2.40950266685022e-07, -1.34228776240326e-07, -1.57282598829531e-07, 
3.67151448866541e-07, -9.80783330525971e-09, -2.69828820134491e-09, 
6.93439146576418e-09, 1.64736868029768e-08, -0.10666758037819, 
0.240000000006481, 0.511794913720424, -0.239999944013766, 0.236543761466924, 
0.666666666666788, 0, 0, 0, 0, 0, 0, 0, 0, 0, 0, 0, 0, 5.39608336341831e-06, 
3.65751835936157e-06, -1.50417191499888e-07, -1.01225851299519e-06, 
1.93616276436345e-11, -2.11012301600808e-11, 3.72674639275919e-11, 
-3.17773048195103e-11, -3.19201210478475e-09, 4.33818558331354e-09, 
-4.82843115224068e-09, 3.58307071130445e-09, -1.69005187933107e-07, 
-1.01078218968783e-07, -1.40781038075461e-07, 2.50988223589746e-07, 
0.00954117325793352, 0.00262485199828145, -0.00674588138573022, 
-0.0160255715044381, 0, 0, 0, 0, 0, 0, 0.666503464950351, 0.319999086283335, 
0.0482041725718869, -0.31999912579907, 0.316542916010259, -0.106667580375013, 
0, 0, 0, 0, 0, 0, -4.717270885489e-05, 5.30018671688143e-05, 
-5.46936795965995e-05, -9.12615898085615e-05, 1.70062377222103e-11, 
-2.41734101150065e-11, 3.62036789978851e-11, -2.93935942961649e-11, 
-3.19201210467826e-09, 4.3381855831744e-09, -4.82843115208602e-09, 
3.58307071118745e-09, -1.62373865499474e-08, 8.48061503595979e-08, 
-9.35626410438579e-08, -1.29152991325372e-07, 0.00954127561550163, 
0.00262495408760154, -0.0067459289106189, -0.0160259645545354, 
0, 0, 0, 0, 0, 0, 0.319999086279695, 0.666666666647753, 0.394871752949672, 
-0.666666541377405, 0.66321042807291, 0.240000000004598, 0, 0, 
0, 0, 0, 0, -4.71727088555304e-05, 5.30018671695309e-05, -5.46936795973396e-05, 
-9.12615898097942e-05, -1.93613672268589e-11, 2.11005128653519e-11, 
-3.72668654041087e-11, 3.17767935622248e-11, 3.15989968378937e-09, 
-6.66594228650041e-09, 6.6429883839298e-09, -4.74924506791828e-09, 
1.89609033973478e-07, 1.05681223529222e-07, 1.23761922146181e-07, 
-2.88962129253675e-07, 0.00954127594769112, 0.00262495410704507, 
-0.00674592852923198, -0.0160259648353115, 0, 0, 0, 0, 0, 0, 
0.0482041725685694, 0.394871752955365, 0.645113702658786, -0.394871696946854, 
0.39141551441573, 0.511794913723793, 0, 0, 0, 0, 0, 0, 4.71727068069682e-05, 
-5.30018689653365e-05, 5.46936777124071e-05, 9.12615862963614e-05, 
-1.70063021961861e-11, 2.41733178320774e-11, -3.62037030981426e-11, 
2.93936575071387e-11, 3.1920121034226e-09, -4.33818558273127e-09, 
4.82843115103882e-09, -3.58307071033928e-09, 1.62266897534307e-08, 
-8.4817692747191e-08, 9.35575417871761e-08, 1.29169589685648e-07, 
-0.00954126721308158, -0.0026249517792794, 0.00674592297070797, 
0.0160259504398525, 0, 0, 0, 0, 0, 0, -0.31999912579535, -0.666666541377794, 
-0.394871696941796, 0.666666416108109, -0.663210305847299, -0.239999944012667, 
0, 0, 0, 0, 0, 0, -4.71727087884817e-05, 5.30018672270166e-05, 
-5.46936795354946e-05, -9.12615896946659e-05, 1.70063028236018e-11, 
-2.41733214017598e-11, 3.62037060413922e-11, -2.93936590660913e-11, 
-3.19201210467886e-09, 4.3381855831705e-09, -4.82843115208052e-09, 
3.58307071118973e-09, -2.04180964840058e-08, 8.36576297281535e-08, 
-9.06071756800419e-08, -1.2213012997456e-07, 0.00583543400887633, 
0.00160691996974887, -0.00412615455406247, -0.00980095846504596, 
0, 0, 0, 0, 0, 0, 0.316542916006324, 0.663210428072277, 0.391415514409876, 
-0.663210305846246, 0.66109685193494, 0.236543761464897, 0, 0, 
0, 0, 0, 0, -4.71727088549228e-05, 5.30018671688362e-05, -5.46936795966329e-05, 
-9.12615898086141e-05, -1.9361627642697e-11, 2.11012301589426e-11, 
-3.72674639257183e-11, 3.17773048179437e-11, 3.19201210468589e-09, 
-4.3381855831719e-09, 4.82843115206259e-09, -3.58307071121691e-09, 
1.896609243197e-07, 1.056564664664e-07, 1.23802988408287e-07, 
-2.88998572674041e-07, 0.00954127594742559, 0.00262495410697209, 
-0.00674592852904422, -0.0160259648348655, 0, 0, 0, 0, 0, 0, 
-0.106667580377807, 0.240000000004994, 0.511794913716564, -0.239999944012279, 
0.236543761465454, 0.666666666661577, 0, 0, 0, 0, 0, 0, -4.89584033981254e-06, 
-3.3183830371533e-06, 1.36436743876491e-07, 9.18354221233972e-07, 
2.21391111193113e-12, -2.41282648269196e-12, 4.26135932480727e-12, 
-3.63358543723517e-12, 7.93321504800332e-09, -1.07818385459843e-08, 
1.20002623479514e-08, -8.9051261561292e-09, 4.20761915843715e-07, 
2.51648281231422e-07, 3.50493970156466e-07, -6.24870082992241e-07, 
-0.00865661381814949, -0.00238150272137905, 0.00612047265473933, 
0.0145398453606022, 0, 0, 0, 0, 0, 0, 0, 0, 0, 0, 0, 0, 0.666503464951252, 
0.319999086282868, 0.0482041725679203, -0.319999125798603, 0.316542916009774, 
-0.106667580378858, 4.27992790943937e-05, -4.80880102208471e-05, 
4.9622972998317e-05, 8.28006351053202e-05, 1.94464670657029e-12, 
-2.7640227877353e-12, 4.13974268882253e-12, -3.36108043383204e-12, 
7.93321504804421e-09, -1.07818385461321e-08, 1.20002623480649e-08, 
-8.9051261562184e-09, 4.04252316562805e-08, -2.11136703774878e-07, 
2.32937204939752e-07, 3.21544330866393e-07, -0.00865670668612636, 
-0.00238159534601395, 0.00612051577357328, 0.0145402019710523, 
0, 0, 0, 0, 0, 0, 0, 0, 0, 0, 0, 0, 0.319999086281333, 0.666666666651011, 
0.394871752949112, -0.666666541380662, 0.663210428076172, 0.240000000003782, 
4.27992790922764e-05, -4.80880102180188e-05, 4.96229729958058e-05, 
8.28006351011712e-05, -2.21388133460411e-12, 2.41274446354214e-12, 
-4.26129088667489e-12, 3.63352697754682e-12, -8.07670077667562e-09, 
1.68706054992237e-08, -1.68478395438698e-08, 1.20541281743899e-08, 
-4.72058055563945e-07, -2.63108101148053e-07, -3.08122514508366e-07, 
7.19411401498544e-07, -0.0086567069870476, -0.00238159536352531, 
0.00612051542721155, 0.0145402022250066, 0, 0, 0, 0, 0, 0, 0, 
0, 0, 0, 0, 0, 0.0482041725601218, 0.394871752950588, 0.645113702655566, 
-0.394871696942074, 0.391415514411144, 0.511794913720489, -4.27992772339608e-05, 
4.80880118468195e-05, -4.96229712858918e-05, -8.28006319139959e-05, 
-1.94459071830544e-12, 2.76410526782706e-12, -4.13972327438814e-12, 
3.3610265715614e-12, -7.93321504487809e-09, 1.07818385448845e-08, 
-1.20002623453446e-08, 8.90512615402062e-09, -4.04156484193049e-08, 
2.11145819501339e-07, -2.32931703840831e-07, -3.21556603991052e-07, 
0.00865669906278434, 0.00238159325172101, -0.00612051038441486, 
-0.0145401891650924, 0, 0, 0, 0, 0, 0, 0, 0, 0, 0, 0, 0, -0.319999125797539, 
-0.666666541381725, -0.39487169694333, 0.666666416112039, -0.663210305851196, 
-0.23999994401305, 4.27992790319638e-05, -4.80880102695699e-05, 
4.96229729401505e-05, 8.2800634997588e-05, 1.94459079003543e-12, 
-2.76410567599578e-12, 4.13972361091504e-12, -3.36102674980202e-12, 
7.93321504800578e-09, -1.07818385459765e-08, 1.20002623479396e-08, 
-8.90512615613621e-09, 5.08336903754482e-08, -2.08277301957623e-07, 
2.25579162957215e-07, 3.04059940990823e-07, -0.0052944302186317, 
-0.00145794222733658, 0.00374361826844076, 0.0088923104242592, 
0, 0, 0, 0, 0, 0, 0, 0, 0, 0, 0, 0, 0.316542916009895, 0.663210428079554, 
0.391415514413893, -0.663210305853522, 0.66109685194218, 0.236543761467199, 
4.27992790923641e-05, -4.8088010216842e-05, 4.96229729956787e-05, 
8.28006351010707e-05, -2.21391111196647e-12, 2.4128264827305e-12, 
-4.2613593248753e-12, 3.63358543729315e-12, -7.93321504815869e-09, 
1.0781838546164e-08, -1.20002623480999e-08, 8.90512615635579e-09, 
-4.72187243809674e-07, -2.63046465002361e-07, -3.08224754686117e-07, 
7.19502132477822e-07, -0.00865670698750054, -0.00238159536364986, 
0.00612051542753177, 0.0145402022257674, 0, 0, 0, 0, 0, 0, 0, 
0, 0, 0, 0, 0, -0.10666758038789, 0.240000000003516, 0.511794913722737, 
-0.239999944010807, 0.236543761463891, 0.666666666672111), .Dim = c(38L, 
38L))
